# Created by Octave 3.8.2, Thu Dec 15 18:33:57 2016 CET <vostruk@p139-k07.ii.pw.edu.pl>
# name: rndstate
# type: matrix
# rows: 625
# columns: 1
 111900346
 3870240227
 3757155222
 3881722825
 2969600415
 2761944800
 4249359142
 1483367922
 2942855813
 1686476974
 1881968561
 2123721462
 246509739
 971782760
 704387877
 2642141151
 57018714
 2688916003
 3572639692
 3667194246
 548664150
 3359384282
 1823285129
 4015254823
 290714003
 2692306728
 1157513984
 194565848
 3528816760
 2798950601
 13358561
 3550757346
 3219144579
 1179627988
 2945584517
 4199448320
 767122314
 2955754186
 3974316552
 1621915261
 2887804970
 189378563
 2440379154
 3248657641
 4177341713
 3864468828
 167677932
 2807227144
 1190717691
 1363324286
 2852411024
 4157186230
 975788627
 912241093
 108815419
 2096003355
 731549201
 1359174134
 664169125
 611031401
 1815734605
 2797908233
 3533095802
 4156643893
 466112703
 2846074331
 3077251546
 1685446767
 1362398354
 1283852150
 3446329756
 169571821
 166663809
 1879419082
 3165746691
 2055947359
 30408564
 1192911562
 654197965
 1547370108
 2835574741
 3665388963
 1166562135
 1653480157
 2846390149
 1447013568
 4274898507
 2203250183
 450935833
 3535063933
 2489204876
 1650228711
 2652103180
 906663495
 2284054305
 1388049610
 817722471
 3907790623
 3167815294
 2387035469
 2344978394
 70064473
 938588400
 1410378953
 1763431993
 3680245070
 1915977137
 1923565987
 3401779861
 1853719410
 3304539047
 446253046
 3474333641
 3124402211
 1063638913
 3447108883
 4195194872
 3428089806
 431931379
 1149198756
 1545997957
 2753799923
 832537024
 3440103222
 1179815094
 2570663035
 1789039482
 3476049833
 185688885
 1170047146
 2063805794
 1900461824
 3632040622
 3888188942
 1987743254
 2013929767
 3086028622
 4025630427
 41872345
 3176917644
 1635152158
 689735304
 1747601184
 3091255875
 3095941872
 1114088056
 2347517876
 1944077312
 606593610
 1143323720
 3099645897
 2513879020
 1364001013
 3975561382
 1015803087
 3420364940
 2779981221
 2793512657
 48195596
 1786781335
 2181546778
 3660323562
 2839384850
 2546925684
 3359939293
 3766744895
 1853957685
 1808762715
 214243678
 3146093990
 365574213
 3125066784
 3721582845
 217002588
 1699471192
 219543887
 100643541
 4109742468
 2844322376
 3640152503
 390783739
 4010931324
 1480342524
 2663681359
 4245623880
 846736003
 2694285581
 3590319539
 3270204409
 3307495272
 226046760
 2639630046
 1907268331
 3726980345
 3315667425
 3566890814
 2443732880
 2517613242
 4273948555
 1992406143
 3823530124
 2445460354
 1166534675
 3584432057
 587670700
 1963610644
 675635889
 3813831300
 2867628514
 1082634811
 163787491
 2259467898
 3428889264
 2707282635
 3142674258
 2747614874
 1439788178
 3509200904
 617898740
 1978199616
 3132625712
 3002283958
 3486489491
 105160892
 2485858402
 3864206457
 205204952
 3636587781
 2691770923
 810151253
 3721339903
 2810701671
 1074860917
 538227543
 1850012549
 2969365445
 1497948035
 1173381772
 1831299322
 1032077483
 3605385273
 2292604538
 3930793235
 3976747593
 772360312
 3981773166
 3839891410
 3862081818
 495262170
 2314941251
 1854499742
 2145154966
 3512265251
 3340695764
 70712373
 78989051
 3211771956
 500029755
 1906718930
 1505403172
 877173894
 3299584297
 283923604
 1298261216
 3662043895
 2712056211
 350019447
 3133534185
 3435485202
 2970626533
 4268561228
 1968780359
 1982753268
 2759543528
 2148272439
 4230056459
 1451165041
 2395131919
 1273521887
 1398226047
 1296420313
 92761506
 2346755592
 3904942680
 396746102
 686822229
 2613609926
 2344726528
 602157067
 1612395669
 892845386
 3602222024
 1134699267
 783196827
 1649409537
 3963493475
 597617123
 2784117113
 3331547935
 1940323735
 1810688775
 4161639426
 791722013
 579068270
 854931237
 2441598295
 3390759810
 387281618
 38227071
 192489814
 3524799524
 2241693298
 2861535485
 2782325894
 4089501800
 2400703980
 2093816150
 3468546885
 1548875995
 2988886924
 3389191665
 3615120369
 564654104
 3827018550
 2430332170
 1858943701
 1965781379
 14422044
 3911178192
 469771357
 1397402437
 4250760793
 858318896
 1506387258
 3096487917
 1938195580
 839671501
 867917673
 1498084484
 3100455838
 4195414183
 3068786126
 3693357151
 3595076022
 1492540643
 1706319333
 1104217180
 2938627667
 3906126639
 2358931243
 1034227691
 1057843847
 3390897966
 3312949352
 1157515300
 3334552011
 704120911
 1761808846
 129598492
 3259444316
 3221933315
 157158060
 3033433305
 1843073260
 3303187302
 3341587075
 1287189556
 2227701038
 3731284844
 3977308670
 3508466524
 478933264
 3331307183
 3626602528
 511877655
 3196313506
 4208923607
 1701466212
 3305714163
 514023149
 3432633126
 976052525
 3743886159
 2702309905
 1275601064
 1245326938
 1055024785
 3380502737
 2251116220
 722416337
 2895107047
 1177227663
 2751747979
 1971236182
 2695708766
 1160798620
 1737596481
 2334558542
 889029405
 240855328
 2023639172
 2156084561
 2410428725
 3272138632
 1129687972
 3409499100
 3217316632
 2331694910
 3302268440
 1626604045
 1425224088
 1207658466
 572358447
 1825157758
 528876246
 1640399792
 4198303690
 1751349067
 1738540438
 2201730807
 97403429
 2513273332
 1754347729
 1380899215
 3233066401
 1824009698
 1770283864
 3476248843
 3376558117
 4032763029
 3772084025
 3009201049
 2807797839
 3638256567
 3547956155
 3756275444
 3187118428
 4245614892
 2892142893
 2147805839
 327270233
 1772259028
 1183367399
 2277883681
 79222460
 2912086985
 1741627408
 2104580424
 2909180389
 544403608
 2584354997
 2800652885
 3318321188
 1267109567
 764160504
 1541951389
 892272284
 678324785
 2232620388
 2566656966
 1462646799
 1343979755
 3759966070
 258327918
 699436246
 1902833752
 2725102022
 3152800827
 3477901481
 1552838559
 1727606807
 3916362936
 2214406904
 3776061396
 2778487269
 1898184534
 267951893
 3423624829
 3097251445
 3926762829
 27353453
 835438312
 4077974662
 670654553
 1283019000
 3398484908
 2957535860
 1792654682
 4265703084
 1387844733
 550899636
 289454033
 3674707632
 3393264882
 2256062979
 3417890135
 4031371687
 2230680738
 3404909913
 39383971
 2815539151
 733877503
 2804165507
 1338788298
 1093955772
 2120512844
 967817427
 4140764649
 3189639383
 453083017
 1620687993
 4150447829
 3127639093
 1593701558
 1036150380
 172728480
 3043247220
 888141475
 3078992238
 3547157037
 3861082606
 2375721026
 3604579696
 1077276213
 1638273473
 16577102
 2224271398
 3301055848
 349238710
 733983918
 1684697923
 1972517367
 2249061298
 3084989055
 4205280634
 688364758
 600933534
 2892576931
 1012861609
 219894126
 1732135760
 2784712943
 1522687488
 3913181603
 949646207
 484909344
 3712950792
 1639262472
 2110934994
 2560853990
 509212534
 3644801713
 569660378
 2668011330
 1086702231
 3029964531
 1488058355
 1668060990
 2490923412
 830584239
 665260346
 1020865497
 2437993856
 3404482550
 2774948056
 493210103
 2990421781
 1088035289
 178554131
 524369871
 4274949935
 1913489015
 3236378034
 4140666337
 2895225225
 2817142353
 2705568006
 3018929228
 1629922112
 499735647
 2496666859
 3734308848
 2567464189
 2707854097
 2636392909
 1175365568
 574981449
 4158396286
 2934106164
 1577778796
 3859969323
 3447386510
 675715137
 2030575992
 3366009555
 2565734383
 4194689985
 2415834419
 2141028613
 3272422422
 1626151101
 631959074
 40270499
 493215705
 3379942065
 1786706029
 3641034661
 802449437
 347252629
 3895121977
 2188311813
 3025936797
 3591163257
 3686670243
 1066776039
 881617606
 1524254500
 1904276496
 1871746258
 4107403764
 4043778242
 3697021575
 3727203358
 616834332
 201


