# Created by Octave 3.8.1, Sun Jan 08 18:00:38 2017 CET <ostruk@ostLinux>
# name: rndstate
# type: matrix
# rows: 625
# columns: 1
 2623636030
 3316097268
 3099662869
 2934638318
 1902489391
 1567933511
 3368328693
 1749873280
 311307578
 1236323608
 2550992684
 3264702193
 631664953
 1299564395
 4033007868
 1165370526
 3560433510
 2523307577
 1310656706
 3756171094
 12303489
 2837133538
 3231658494
 1541879870
 1303359108
 4168655297
 1748773650
 4181677262
 3313758412
 1893694392
 3645788191
 4242203007
 2132633451
 1242433330
 1028807847
 176532539
 2507351196
 3987558648
 1560656039
 1056234362
 4087572745
 1076231391
 552063014
 2526267453
 1078455868
 2790688820
 4255718465
 2661286124
 1649472694
 2517709450
 205457694
 1351099589
 3820202311
 143763932
 1795496013
 953679300
 1116818086
 2464306544
 1419766053
 3501285849
 1535283474
 3722060535
 3062047941
 2525490788
 4090438117
 871125288
 2293759534
 272754271
 2781767847
 1816697535
 1441402546
 1830350709
 4187548507
 939703590
 2698032723
 2472128032
 3806711296
 4129858171
 1725197852
 2047755844
 2395270775
 739367717
 352171928
 2893934615
 1828739770
 2909444860
 1032462338
 578225830
 3324338328
 2008200359
 1565531892
 209044972
 911403189
 1302745151
 1843957661
 3930688660
 1146410396
 1376840276
 2599011499
 1885740483
 833125416
 1211963234
 1440498483
 3002591025
 2296521786
 3298097289
 2491852081
 1261654716
 1918596380
 1636366066
 3382360184
 441129263
 2091433974
 2824321346
 3797819875
 3200105378
 1193821372
 1838715044
 4000197703
 2030594492
 940826221
 251176968
 3467924830
 4085538264
 3367700863
 2064022394
 316741590
 2598792868
 675049904
 682660943
 131129951
 1484920414
 3079239375
 3422900066
 4241064555
 1884990785
 1110861694
 3702278417
 1779972889
 1051042202
 2547356856
 133749675
 4010245541
 1544808212
 489376682
 2623384687
 2274808429
 3776637029
 213634139
 3688489246
 1773904041
 1759973803
 158947049
 2436345078
 627275431
 1135494120
 4044645217
 2717603637
 3519676180
 3577415401
 3823780678
 2204235509
 60562625
 3489170512
 3955885588
 6877305
 1815876778
 1645079150
 3263014768
 1581127901
 1180563183
 703072960
 1698464679
 715871042
 3181257643
 454935912
 3693660677
 3650416301
 1548475532
 1237256756
 3317950810
 3864542063
 3766976116
 1007015902
 2386556934
 755331546
 1045564355
 3941745132
 2537334867
 2216842897
 2501019369
 2850749001
 1708103986
 3834394731
 4116543545
 4261473009
 2807952429
 1593717243
 3799829698
 1444244527
 2793186461
 418755120
 2467708788
 2714477862
 4136311247
 673402854
 499225138
 3722680671
 3100469106
 1175511075
 9121129
 1853296938
 2605594424
 3056279480
 3565220555
 3287550068
 3569598361
 2320935926
 912138717
 3656527607
 1420753955
 2462616013
 3106031329
 2770030195
 487281997
 1101803693
 3926436722
 1166545605
 3876414014
 3361869192
 898837026
 198219714
 164459109
 2431567183
 980821379
 4119172894
 2562182368
 1213978480
 2413926547
 3048198473
 2490726521
 1724289558
 165972152
 1301520566
 1299261257
 3738186816
 2001886254
 2618830296
 1745208379
 367604496
 3376553421
 199479905
 957680862
 2613679290
 3854525763
 37856024
 1465565015
 1628821333
 2474327905
 1248268567
 2852943464
 2214823071
 3918249182
 3787446679
 136066310
 2622546312
 3744730088
 1917069614
 4133415083
 2121492779
 2066903444
 1698229143
 1764975750
 550851916
 635663055
 890877054
 1930837648
 2144032097
 3972854015
 1836992011
 1984579842
 2517712006
 2238657414
 889448627
 2762541755
 2749587163
 967973719
 3203221099
 1562412611
 410627191
 3840711323
 3855426871
 1262875121
 1794668288
 378669060
 2581541549
 2473037033
 2356840936
 1321223112
 1337507955
 2133511497
 2481041132
 2595185347
 3939753352
 1636654640
 3022977970
 3869869028
 3595912408
 2216045870
 671257964
 256333518
 1609532794
 1481694507
 1126933544
 2782667183
 1841952254
 244496809
 532351766
 888794264
 1205854963
 4202379766
 2012560202
 3635137343
 1280436531
 2424243895
 4190975546
 2409286215
 734809520
 3010034363
 408069023
 2371364903
 2029210384
 2101904096
 3878510137
 3908030615
 1260876973
 3454882946
 1012573522
 336302786
 1124599641
 2841703238
 2914870919
 780965587
 66043660
 3908342706
 1660328335
 3041374052
 759065852
 3625273335
 2303826891
 3175467588
 137585924
 756903007
 1515306354
 915924316
 2128319892
 3452014428
 1135634582
 3749398770
 1649135916
 1159646785
 2863331090
 2778288071
 2881338988
 3832367218
 2571457258
 2490511504
 4237582943
 336586603
 570867942
 3905935062
 4009450442
 165322831
 1532597636
 2945536313
 1942255544
 498316969
 3139383209
 3137157385
 4151224069
 3093506126
 895540990
 3607966370
 860782590
 4135322742
 2441971931
 3881649270
 3645341339
 232395678
 1575480548
 1215110240
 784230180
 117304278
 3718967162
 339721699
 2015588677
 370474492
 3776418509
 3965445680
 275530318
 1488655531
 2498211208
 3524839622
 308436622
 1613917461
 69676016
 2401535691
 1204982025
 3917341113
 1049682334
 3776291472
 3393677762
 1184722402
 1075485223
 168360261
 1632859109
 729627632
 98262254
 2383682392
 2364671445
 3309046422
 1316699136
 1200209932
 597239558
 3639934266
 1791573741
 3654867362
 4070606944
 3085582059
 3744826962
 1525739722
 4027070928
 3904764678
 1102953329
 714265677
 1360006270
 2670237471
 2363638701
 542963335
 3672849197
 1755093019
 2961564710
 1755751375
 2376555322
 3804953959
 4069116305
 1930520091
 2069642634
 2121991446
 2343935650
 3141862283
 2005278531
 1810851799
 785763458
 1841408060
 3429546468
 2484814201
 1795942565
 1027592418
 3521185028
 2226006345
 324951717
 3372553904
 1677971009
 2085957815
 1224290054
 1058556933
 755919150
 2048777807
 185646173
 2367708529
 2322135010
 844285389
 3111638862
 3853143079
 1458924849
 1854536215
 4289315896
 1756122797
 4070874237
 3637805699
 1022608684
 367493875
 2131507624
 1291530818
 3836042811
 2384533295
 3123018407
 3276572970
 2056501405
 784253560
 1765917421
 289185774
 1759478761
 2202745951
 1195842322
 3259582415
 2760352537
 2080483528
 1099395146
 3164544806
 3934509332
 3368928638
 1094458077
 3899357072
 3359125318
 2859143751
 298051082
 3158543049
 544147842
 3165457720
 1210825779
 2900957102
 3217836461
 4237347823
 716428829
 3320641631
 2289368890
 3667268693
 2177282904
 1404321680
 1139576004
 2008394412
 126730752
 171978047
 114904405
 1563409798
 3096352363
 3687183444
 3407727404
 755872791
 559903890
 583913397
 3768475207
 4208140370
 2111592034
 3483851041
 17992560
 374716503
 3384881168
 2937626257
 3723040852
 1061359089
 1201328947
 3822603526
 711484883
 2212196573
 2888779338
 813265919
 3751899812
 3705158827
 609581153
 2872032225
 1416693232
 35728754
 2541086369
 3669596204
 927030334
 3710704562
 1628549349
 938449741
 2101388120
 4161454568
 4280348772
 2815444774
 3144413438
 568104383
 2159334749
 3049118987
 2853221115
 868646307
 3159145187
 1860074005
 2246364913
 156404563
 2702332340
 3997665204
 2736098680
 3164786398
 3487935682
 829886544
 2769261000
 3831306277
 4268599920
 1018912470
 4133838405
 4027703296
 3184942814
 556527047
 2484014607
 1395585304
 2063866821
 988218526
 2676615273
 1956847728
 1166383569
 462575963
 4291670089
 2794688768
 2548249514
 4105637688
 544086935
 2856628139
 898686047
 192787531
 1149985177
 2458246409
 548976290
 114549521
 2003039055
 1820471223
 1508397728
 3201440923
 702715180
 4074608439
 2708698814
 2823991594
 3603589381
 320166651
 2434439135
 2542128207
 2344839202
 782066065
 405028067
 121


