# Created by Octave 3.8.1, Sun Jan 08 20:19:56 2017 CET <ostruk@ostLinux>
# name: rndstate2
# type: matrix
# rows: 625
# columns: 1
 1196312763
 2052239171
 1038587056
 796592072
 2669675343
 1925949749
 868768390
 3423888319
 3929118221
 2143513379
 1737175727
 418481493
 1798426930
 1488673851
 2076107165
 1925567469
 3340010048
 1235734137
 2748350839
 4177509957
 674963825
 736292518
 1932425850
 1080492012
 3163522970
 2703585223
 1094566635
 948175140
 559894315
 3869969331
 997420676
 3939455354
 1427820870
 4125785851
 1859968865
 3260443317
 347018353
 3663086666
 3145024749
 582405463
 612263136
 2800566091
 314123963
 3982882137
 2520366062
 3455429009
 1142396993
 1678237831
 3299852518
 3826378165
 1259611428
 1980452199
 2487791680
 1542390974
 505774878
 1660150514
 1171281547
 2411430123
 1231507043
 690665361
 2377106204
 3478494552
 2942739694
 648504953
 3286817525
 1541680695
 2319472470
 3761404987
 2703847415
 2672738853
 2585271306
 3687441550
 2044659403
 3202568989
 2225796401
 3809079482
 1446895359
 3541351132
 2247594974
 682545094
 706298206
 2442160448
 3457838667
 3529484938
 1994569976
 1077800924
 1152542643
 4121362274
 3885617461
 3841428422
 1763181822
 168952889
 598707250
 1706888231
 3373870393
 2714110538
 2569736796
 1482689974
 333153774
 4294598117
 80281458
 1763044
 1977144944
 593244835
 2568124985
 2155138055
 3927090887
 126544209
 2832410049
 2155987728
 2230017629
 3062634696
 58573253
 1942051047
 1708050387
 3547359706
 3692965382
 1849150192
 723144733
 3764628621
 3171690160
 3585095568
 2236419843
 1668069974
 2057827028
 2426076347
 369831733
 1402475568
 961292422
 3000950805
 4186746962
 452146253
 208326323
 2849164105
 3678663364
 3773135514
 2440723031
 655846421
 3789773788
 3891526339
 2879613163
 3286045003
 2798189528
 761349504
 4142831453
 258849545
 3106205993
 3192187744
 2084167160
 4198534694
 1886381523
 2256797596
 1620028850
 982427777
 1883132841
 3597837885
 1278453540
 3438697063
 3386842416
 3122285636
 3292535661
 2014198812
 18013256
 676538993
 1419194017
 2219672619
 3015016145
 1720441881
 3319573451
 1396704381
 116044808
 1163401057
 3951970261
 3887424449
 3042560428
 1147567590
 4160217709
 64703575
 2294754978
 2778515980
 2260720
 234413724
 3468865375
 402615984
 1369012556
 1915557297
 4193585398
 2069261764
 3322937926
 1999266486
 1609996154
 2136377970
 3596051379
 868654292
 221691410
 1115810787
 3769185518
 355140879
 1507978485
 3019410583
 118013283
 562657044
 1940385315
 502932188
 1399931414
 2287154004
 867999553
 4055134997
 2159452827
 2536446079
 4156144440
 3104946065
 1887287943
 2177084335
 2831968862
 3060598925
 1205240444
 3206199479
 3952775532
 3906369701
 2607887195
 2172170612
 2072456156
 284395262
 1706722677
 2772228049
 3487858253
 2619401803
 4217303291
 901979751
 1215647834
 424011467
 1450826428
 1903562100
 1586237107
 2926234221
 109104156
 1160045383
 2495342191
 500584800
 114684376
 1279923907
 2097279560
 3551677031
 3102058554
 767713130
 247943549
 878279335
 563203355
 4162750990
 1602164831
 2361438765
 2657979069
 892239478
 3802607269
 3649566129
 572231310
 3306238202
 2511000744
 2612071277
 333418947
 810397059
 2331770248
 2986176140
 2068085947
 2741244830
 3222799148
 805682605
 1499272505
 3964149097
 3746302462
 3527216958
 1905146594
 4151390792
 3753724490
 345024034
 3584292497
 3536809416
 2253484823
 96480738
 1794222148
 2501552032
 1129588610
 2066083504
 3518483336
 81816995
 11533759
 246558163
 1484041552
 253550039
 1232350811
 3668175639
 1824851870
 1800709122
 937633741
 2679369143
 141399186
 25539818
 1091524861
 3333789267
 940962136
 3223647792
 769402771
 669120485
 646342448
 583599415
 382390892
 804979080
 3772783724
 3159569023
 3648175306
 286890486
 3619892060
 838155049
 2222808452
 3368614928
 4203556518
 1403318944
 216462222
 1636176878
 3936978533
 4170038558
 2943641383
 4281633227
 1346025245
 3746931004
 2113751118
 1288429215
 3046923817
 1460761830
 1259570088
 3795715108
 921049201
 3974469108
 803109456
 1817177913
 795224224
 2637511565
 1230791705
 3408595456
 130253288
 3075439085
 2463501758
 1868648631
 360958790
 2680902597
 2602442761
 2616345011
 2967497877
 605005416
 349086711
 1610841384
 4212493266
 69945457
 1295425353
 1147693109
 1522975861
 122516882
 2856110038
 3823181047
 3650439238
 575564877
 3883092799
 349540925
 3100634618
 3100312487
 1764638108
 746069308
 1614034371
 641883882
 2662099404
 1799400307
 3911442426
 1739834770
 2781969849
 3158108477
 2739809982
 3699067353
 643428966
 3028055927
 944759896
 604609304
 132697204
 72992907
 204723550
 3238329384
 1003223340
 2478354142
 3734535161
 1155187805
 1337909395
 1311030075
 3656257410
 2158817656
 3203939311
 2421595737
 639949392
 3449874110
 2477195078
 1984495287
 1508374768
 3497772183
 3346606716
 2951780594
 1435416105
 2524719377
 3968026240
 3797057725
 1511524490
 2408362965
 1648279413
 1828642794
 857909283
 2538779493
 117276699
 1630628260
 4138585433
 556305923
 1948874869
 3193720143
 3293755353
 2112313437
 2284285553
 3393049922
 3437473970
 2047912405
 1668703480
 277025049
 1166048808
 2219682279
 4094231854
 366450287
 865073577
 746621768
 3444044543
 2705775798
 3002901692
 578602314
 4242793087
 775355882
 2864127167
 422816091
 4214475987
 418896636
 1617962373
 909288953
 2176112608
 1857136632
 4162882420
 3671969347
 2154220885
 4140609180
 2024708136
 601843410
 2253693327
 574796486
 2640819823
 227659160
 646561528
 2018078520
 3998818341
 1222638961
 1650664041
 2493008785
 1480683771
 1872919679
 3115340993
 2817738601
 1731824530
 1373098945
 3142671705
 1145786621
 3247134446
 3765442328
 2015212472
 713937776
 3780413718
 2668982852
 2051612864
 1301513730
 369739102
 3149243510
 517920793
 479369615
 2836409192
 3628553536
 1777098244
 3301069572
 1648485051
 4125340370
 357926514
 3952079408
 2277799442
 3169696940
 975506897
 3820220987
 2206076329
 4262300936
 2654328191
 344260988
 2778361133
 3625750999
 4138616703
 2689149290
 1636958643
 2910734202
 3241845376
 1198543077
 10258148
 3080931760
 3129534472
 2408961576
 2280189356
 1187003791
 2640190724
 1551744185
 3322805996
 3074735149
 3843546268
 1923393586
 3977876838
 115443840
 2299514810
 3168287408
 3991925762
 3163915893
 2889970282
 719549180
 2789386566
 3977231219
 185395072
 200530568
 3131897148
 809877078
 2385973069
 710537491
 2665387312
 4019750876
 2361280114
 3474581016
 867359909
 154244581
 3708694468
 622600000
 3740362775
 1988614583
 3342749617
 773621169
 616052101
 1670471956
 4259850442
 1302514102
 1565428346
 999784995
 1369298194
 515803833
 1912006735
 4052684206
 3750086667
 492089590
 4248474987
 3821178354
 1569203979
 857171840
 843010042
 685074597
 4240621909
 2457853297
 1226683572
 2743726468
 2654400329
 3626739401
 1154648804
 985356054
 1363331788
 3331317778
 4115952048
 372114340
 4062795297
 483579569
 266420273
 643472495
 2730499728
 195537115
 202545973
 197696592
 2855047044
 629796628
 932475266
 3577867048
 2049625199
 1219440246
 355655585
 3296798489
 3110816086
 4276130957
 4034575696
 447057574
 1712757833
 845103018
 1448616338
 994216263
 2357614741
 1942543538
 877741319
 1879539858
 2679993589
 2557459936
 1483382873
 1593464720
 1943627034
 3505504484
 1699716159
 4059393877
 3391287881
 531910733
 2611652511
 4264797138
 2027861009
 2977551314
 456624007
 1867016889
 234073755
 3700117202
 461


