# Created by Octave 3.8.1, Sun Jan 08 20:23:47 2017 CET <ostruk@ostLinux>
# name: rndstate3
# type: matrix
# rows: 625
# columns: 1
 2571361369
 2846128784
 2889524979
 415271945
 2404151348
 2788865939
 27853893
 2264958808
 132707539
 1223303340
 2877141017
 2904763776
 1589102652
 2534085362
 2226893552
 3595314246
 102596846
 3474072792
 2432688450
 1011571044
 1612936408
 1697321091
 885588774
 2642740456
 875047926
 1114011490
 4099270769
 2847100416
 3948041937
 3817096072
 1384949088
 3010194013
 2660456733
 2883230810
 931343136
 1902700409
 2694388120
 1700628970
 4293090954
 2558853985
 1626184074
 1968218493
 908794684
 3955948493
 2877808278
 3090483163
 1107940482
 1695667480
 2339044568
 4045456355
 136845808
 1545897775
 1163916195
 2129357743
 504192870
 3933006276
 4087904996
 1653889551
 2162988115
 3106569184
 1371911210
 3211777296
 251995290
 3901262994
 2828747489
 1383191914
 2110301122
 1404933623
 3180073300
 1409576876
 3348335709
 520173638
 205102578
 1650046645
 3809885730
 887792680
 2022156565
 3538434117
 1639672468
 3079919992
 1469726950
 1839487232
 3685132365
 1197464926
 1965422779
 4287421431
 1593489140
 3292487272
 4237433660
 2083342304
 4188067844
 3447725323
 2361196236
 1279260073
 3699767060
 4180013255
 2999446664
 3837325823
 4226825116
 2205206334
 3855294282
 836041389
 3892922146
 3093628823
 2468855573
 2686813524
 2350275196
 3258416136
 3028556434
 211938019
 1308078385
 2813304828
 185863804
 4112075060
 2237021050
 3739194699
 3590708904
 1029246557
 196163472
 4186226877
 4059464438
 2160831032
 46856348
 2120875881
 1840630448
 3589886734
 2284572061
 642139999
 3003714710
 1270137651
 2791460687
 124229052
 2813469338
 848497015
 3844860882
 2138247214
 2878517142
 3596736916
 983835256
 1848528141
 4069492717
 1093223178
 2779245847
 3471292089
 796772136
 4026293182
 2502097068
 760930900
 4131552620
 545061597
 1762348933
 3676984532
 1357523314
 903534379
 2866302661
 3634340590
 475121257
 411994669
 94492967
 3348010156
 1121339609
 3895702245
 1706135759
 3161288443
 3669947707
 3379305216
 718722371
 2419411066
 4041349870
 2094250930
 2481387817
 2839723626
 1052886600
 279961539
 3526075190
 919549438
 746458144
 654948355
 2973537843
 3437347838
 3149116840
 23839005
 339742060
 14042949
 2268754606
 1156498942
 845709673
 3793905056
 1558425248
 1892261774
 2786957375
 3342273861
 196110133
 827296459
 910476681
 2900589405
 1600633962
 505034260
 3061334206
 3622323172
 2227858538
 135030224
 2552547702
 4212384112
 574154133
 1739975956
 2021994892
 3315191780
 2185956912
 519307144
 820981099
 4121008380
 2716028526
 2010502449
 3484528388
 3822580527
 3769032089
 338810720
 4187417180
 2610881735
 4181335942
 4176663758
 3445942366
 2912705690
 4250330661
 4122306074
 2177037156
 1115871338
 3775078349
 2936856005
 3861104262
 3997662509
 4085531826
 2710787151
 487402169
 395677600
 4171783360
 297676201
 2888092387
 3823589260
 3195753065
 1232320175
 698707978
 3351262981
 1668215495
 4080488162
 3044541922
 2075568647
 2412895535
 3510731806
 313979915
 169339015
 2821217910
 247116022
 558939159
 2157212762
 2688462570
 4139278152
 3448588336
 2710625888
 713793921
 2137904876
 2108762328
 1326657705
 3501897957
 518756985
 2610080
 1622431778
 581594800
 1581300422
 3997482151
 3849119765
 758554664
 24176168
 418130760
 2429956784
 960902786
 465087682
 3987027495
 4121586048
 2925868278
 3755762967
 3263241572
 1398371095
 3455667990
 3199903772
 1442882885
 432147475
 1446775096
 246167507
 2953120618
 1036907914
 2607802631
 4035574606
 651316057
 2555826206
 2686438496
 311470328
 162427313
 2302611363
 2253865546
 3661140673
 3344091969
 973628404
 551779377
 3049130344
 2843728916
 1173438436
 4196829815
 3634825953
 1241525862
 1599974548
 2936839392
 1953201298
 673677816
 2075284321
 3773641442
 3395354101
 256279842
 1049651231
 2219068400
 3084814826
 3687122788
 646343019
 1391450137
 1178178342
 611318925
 2255928763
 1993838595
 4074580989
 2070907540
 1401662040
 3293292727
 2157881461
 2923500294
 3308280025
 1014234180
 1400880178
 962903129
 2794862314
 33495436
 2779679672
 3379064633
 2510961053
 1839076397
 1577085137
 2662609345
 3040357842
 699454754
 1567579238
 2340417987
 3877865866
 1887095730
 3247783655
 1772774801
 462284941
 3201674962
 109292373
 554756588
 3608288599
 189294811
 1774580462
 2938295828
 2812814438
 1515890043
 2784097797
 1713037176
 3642572389
 3033809360
 1595892833
 2154409885
 4280797278
 3287786609
 2107333225
 2843211707
 3636646608
 2162963348
 2023821282
 829589134
 2137614840
 313445392
 1450361646
 432282046
 358125992
 2037142301
 3528232127
 1253880989
 3844798042
 3342811191
 709695196
 3131230481
 4259817446
 2924331863
 3765070771
 3126784728
 811077767
 1107998654
 1380191822
 1089670528
 212419436
 3375223357
 2061563309
 1476393808
 3735635171
 464740778
 4134927216
 2072181716
 3364882661
 3312582279
 4029153916
 1344265455
 4268364305
 3807787780
 2425224041
 3515309490
 1216445157
 1199218211
 870447003
 3349040099
 1306481920
 250442120
 2903780081
 1407659251
 4257642199
 3138765266
 554983780
 1117576181
 436517149
 2547984905
 1833293106
 1304204483
 479340905
 2167686241
 3978186811
 1963992999
 2031727054
 3649290568
 266473883
 2489236907
 326723882
 344281722
 1908473612
 1034624046
 3516178342
 2320447497
 688808885
 1716070558
 41661595
 1681517964
 3010792728
 79629868
 63063111
 2086791772
 730336025
 4004375354
 3231336582
 1446933479
 389919670
 1659189886
 3877613954
 2674932263
 3579076007
 197763018
 476305407
 1388976661
 2089493427
 1572914031
 3892303435
 4063179049
 2883464074
 3444506913
 4205526891
 1770509131
 162970705
 1311056801
 588975574
 446742304
 81681901
 98485135
 379294776
 828652249
 844157738
 2651699215
 1555075926
 4166595549
 655914215
 4260002089
 67214729
 239338589
 651626186
 2638294308
 2357932764
 1247612548
 2948919141
 1092971283
 3905091570
 2912726252
 396956001
 2243964993
 3500131910
 2814003009
 3479803975
 3759457771
 2472323832
 816770110
 3233775209
 3251275275
 3494234948
 50495756
 139250847
 3574850737
 2529897849
 2016705527
 2078252675
 24935999
 3931795558
 3019207050
 2150148533
 3690661712
 1465060610
 2132610623
 2472936047
 1452019802
 1900626158
 1888841498
 1715309964
 2396316118
 2967896594
 65454522
 1935059596
 536663975
 694538534
 1480207518
 672081685
 754102644
 1825197672
 1911685136
 2052523178
 81085027
 4186347587
 2787811355
 354853784
 2338522194
 2395812780
 243595188
 3397152284
 4097613964
 1665479322
 1649564114
 2707112042
 2663579201
 3165130928
 3973858077
 3971226878
 1516283589
 206801395
 1357018216
 2906138146
 1756997399
 1683558530
 2214676943
 1652071457
 4120115519
 3219360857
 2451637847
 504435064
 2529577819
 2489883405
 3327739716
 871047252
 2400212312
 3963697522
 2779447995
 2314758506
 2170508804
 3577726635
 766472100
 227975905
 118986630
 2651504821
 2249696797
 4116816030
 2068539103
 3883007411
 2836523113
 2497012532
 3035857851
 3210275159
 3903231329
 1245131187
 2807474400
 630565428
 234299847
 167936366
 509935156
 1553046704
 128007852
 3496333998
 2139601179
 4271040679
 307212155
 51129388
 1880787426
 206407865
 700344141
 3754140163
 3097411161
 767692753
 2402778266
 3493617160
 4024857408
 372255420
 1014071602
 2791327995
 2685546376
 3839343789
 4080520817
 1822258583
 3177773488
 334842824
 437201396
 2773977849
 1223869641
 3617843533
 503


